2024-07-22 15:36:32.494][..\client\init.c][CommTask()][299]: normal end for once,day:22 time:15:36:32
[2024-07-22 15:36:33.499][..\client\comm.c][getResquestNormal_Client()][1035]: sendbuf: --->>>> 68 17 00 43 05 92 61 40 67 01 00 00 BC AB 05 01 04 60 00 02 00 00 6B 6F 16 
[2024-07-22 15:36:38.499][..\client\comm.c][read485Frame_Client()][152]: readbuf: ---<<<< 68 F0 02 C3 05 92 61 40 67 01 00 00 57 2A 85 05 04 00 00 00 01 01 60 00 02 00 01 01 0A 02 04 12 00 02 02 0A 55 07 05 00 05 23 45 49 79 16 03 16 02 51 F2 09 02 01 09 01 00 11 04 11 01 16 01 12 08 98 12 00 32 02 04 55 07 05 00 00 00 00 00 00 09 0B 37 30 00 10 00 00 05 23 45 49 79 12 00 01 12 00 01 01 00 02 04 12 00 03 02 0A 55 07 05 00 05 23 48 45 25 16 03 16 02 51 F2 09 02 01 09 01 00 11 04 11 01 16 01 12 08 98 12 00 32 02 04 55 07 05 00 00 00 00 00 00 09 0B 37 30 00 10 00 00 05 23 48 45 25 12 00 01 12 00 01 01 00 02 04 12 00 05 02 0A 55 07 05 00 05 23 30 70 39 16 03 16 02 51 F2 09 02 01 09 01 00 11 04 11 01 16 01 12 08 98 12 00 32 02 04 55 07 05 00 00 00 00 00 00 09 0B 37 30 00 10 00 00 05 23 30 70 39 12 00 01 12 00 01 01 00 02 04 12 00 06 02 0A 55 07 05 00 05 23 49 08 61 16 03 16 02 51 F2 09 02 01 09 01 00 11 04 11 01 16 01 12 08 98 12 00 32 02 04 55 07 05 00 00 00 00 00 00 09 0B 37 30 00 10 00 00 05 23 49 08 61 12 00 01 12 00 01 01 00 02 04 12 00 07 02 0A 55 07 05 00 05 23 42 62 97 16 03 16 02 51 F2 09 02 01 09 01 00 11 04 11 01 16 01 12 08 98 12 00 32 02 04 55 07 05 00 00 00 00 00 00 09 0B 37 30 00 10 00 00 05 23 42 62 97 12 00 01 12 00 01 01 00 02 04 12 00 08 02 0A 55 07 05 00 05 23 57 07 85 16 03 16 02 51 F2 09 02 01 09 01 00 11 04 11 01 16 01 12 08 98 12 00 32 02 04 55 07 05 00 00 00 00 00 00 09 0B 37 30 00 10 00 00 05 23 57 07 85 12 00 01 12 00 01 01 00 02 04 12 00 09 02 0A 55 07 05 00 05 23 56 76 24 16 03 16 02 51 F2 09 02 01 09 01 00 11 04 11 01 16 01 12 08 98 12 00 32 02 04 55 07 05 00 00 00 00 00 00 09 0B 37 30 00 10 00 00 05 23 56 76 24 12 00 01 12 00 01 01 00 02 04 12 00 0A 02 0A 55 07 05 00 07 23 87 98 17 16 03 16 02 51 F2 09 02 01 09 01 00 11 04 11 01 16 01 12 00 00 12 00 00 02 04 55 07 05 00 00 00 00 00 00 09 0B 37 30 00 10 00 00 07 23 87 98 17 12 00 01 12 00 01 01 00 02 04 12 00 0B 02 0A 55 07 05 00 05 23 48 30 23 16 03 16 02 51 F2 09 02 01 09 01 00 11 04 11 01 16 01 12 08 98 12 00 32 02 04 55 07 05 00 00 00 00 00 00 09 0B 37 30 00 10 00 00 05 23 48 30 23 12 00 01 12 00 01 01 00 02 04 12 00 0C 02 0A 55 07 05 00 08 45 11 15 43 16 03 16 02 51 F2 09 02 01 09 01 00 11 04 11 01 16 01 12 00 00 12 00 00 02 04 55 07 05 00 00 00 00 00 00 09 0B 37 30 00 10 00 00 08 45 11 15 43 12 00 01 12 00 01 01 00 00 00 99 83 16 
[2024-07-22 15:36:38.501][..\client\comm.c][getResquestNormal_Client()][1035]: sendbuf: --->>>> 68 15 00 43 05 92 61 40 67 01 00 00 9E 00 05 05 16 00 00 00 9B 39 16 
[2024-07-22 15:36:43.501][..\client\comm.c][read485Frame_Client()][148]: error: read485Frame: out of time

[2024-07-22 15:36:43.502][..\client\init.c][CommTask()][217]: error getting 6000-2, repeat 3

[2024-07-22 15:36:43.502][..\client\comm.c][getResquestNormal_Client()][1035]: sendbuf: --->>>> 68 17 00 43 05 92 61 40 67 01 00 00 BC AB 05 01 04 60 00 02 00 00 6B 6F 16 
[2024-07-22 15:36:48.502][..\client\comm.c][read485Frame_Client()][152]: readbuf: ---<<<< 68 F0 02 C3 05 92 61 40 67 01 00 00 57 2A 85 05 04 00 00 00 01 01 60 00 02 00 01 01 0A 02 04 12 00 02 02 0A 55 07 05 00 05 23 45 49 79 16 03 16 02 51 F2 09 02 01 09 01 00 11 04 11 01 16 01 12 08 98 12 00 32 02 04 55 07 05 00 00 00 00 00 00 09 0B 37 30 00 10 00 00 05 23 45 49 79 12 00 01 12 00 01 01 00 02 04 12 00 03 02 0A 55 07 05 00 05 23 48 45 25 16 03 16 02 51 F2 09 02 01 09 01 00 11 04 11 01 16 01 12 08 98 12 00 32 02 04 55 07 05 00 00 00 00 00 00 09 0B 37 30 00 10 00 00 05 23 48 45 25 12 00 01 12 00 01 01 00 02 04 12 00 05 02 0A 55 07 05 00 05 23 30 70 39 16 03 16 02 51 F2 09 02 01 09 01 00 11 04 11 01 16 01 12 08 98 12 00 32 02 04 55 07 05 00 00 00 00 00 00 09 0B 37 30 00 10 00 00 05 23 30 70 39 12 00 01 12 00 01 01 00 02 04 12 00 06 02 0A 55 07 05 00 05 23 49 08 61 16 03 16 02 51 F2 09 02 01 09 01 00 11 04 11 01 16 01 12 08 98 12 00 32 02 04 55 07 05 00 00 00 00 00 00 09 0B 37 30 00 10 00 00 05 23 49 08 61 12 00 01 12 00 01 01 00 02 04 12 00 07 02 0A 55 07 05 00 05 23 42 62 97 16 03 16 02 51 F2 09 02 01 09 01 00 11 04 11 01 16 01 12 08 98 12 00 32 02 04 55 07 05 00 00 00 00 00 00 09 0B 37 30 00 10 00 00 05 23 42 62 97 12 00 01 12 00 01 01 00 02 04 12 00 08 02 0A 55 07 05 00 05 23 57 07 85 16 03 16 02 51 F2 09 02 01 09 01 00 11 04 11 01 16 01 12 08 98 12 00 32 02 04 55 07 05 00 00 00 00 00 00 09 0B 37 30 00 10 00 00 05 23 57 07 85 12 00 01 12 00 01 01 00 02 04 12 00 09 02 0A 55 07 05 00 05 23 56 76 24 16 03 16 02 51 F2 09 02 01 09 01 00 11 04 11 01 16 01 12 08 98 12 00 32 02 04 55 07 05 00 00 00 00 00 00 09 0B 37 30 00 10 00 00 05 23 56 76 24 12 00 01 12 00 01 01 00 02 04 12 00 0A 02 0A 55 07 05 00 07 23 87 98 17 16 03 16 02 51 F2 09 02 01 09 01 00 11 04 11 01 16 01 12 00 00 12 00 00 02 04 55 07 05 00 00 00 00 00 00 09 0B 37 30 00 10 00 00 07 23 87 98 17 12 00 01 12 00 01 01 00 02 04 12 00 0B 02 0A 55 07 05 00 05 23 48 30 23 16 03 16 02 51 F2 09 02 01 09 01 00 11 04 11 01 16 01 12 08 98 12 00 32 02 04 55 07 05 00 00 00 00 00 00 09 0B 37 30 00 10 00 00 05 23 48 30 23 12 00 01 12 00 01 01 00 02 04 12 00 0C 02 0A 55 07 05 00 08 45 11 15 43 16 03 16 02 51 F2 09 02 01 09 01 00 11 04 11 01 16 01 12 00 00 12 00 00 02 04 55 07 05 00 00 00 00 00 00 09 0B 37 30 00 10 00 00 08 45 11 15 43 12 00 01 12 00 01 01 00 00 00 99 83 16 
[2024-07-22 15:36:48.504][..\client\comm.c][getResquestNormal_Client()][1035]: sendbuf: --->>>> 68 15 00 43 05 92 61 40 67 01 00 00 9E 00 05 05 16 00 00 00 9B 39 16 
[2024-07-22 15:36:53.504][..\client\comm.c][read485Frame_Client()][148]: error: read485Frame: out of time

[2024-07-22 15:36:53.504][..\client\init.c][CommTask()][217]: error getting 6000-2, repeat 2

[2024-07-22 15:36:53.504][..\client\comm.c][getResquestNormal_Client()][1035]: sendbuf: --->>>> 68 17 00 43 05 92 61 40 67 01 00 00 BC AB 05 01 04 60 00 02 00 00 6B 6F 16 
[2024-07-22 15:36:58.505][..\client\comm.c][read485Frame_Client()][152]: readbuf: ---<<<< 68 F0 02 C3 05 92 61 40 67 01 00 00 57 2A 85 05 04 00 00 00 01 01 60 00 02 00 01 01 0A 02 04 12 00 02 02 0A 55 07 05 00 05 23 45 49 79 16 03 16 02 51 F2 09 02 01 09 01 00 11 04 11 01 16 01 12 08 98 12 00 32 02 04 55 07 05 00 00 00 00 00 00 09 0B 37 30 00 10 00 00 05 23 45 49 79 12 00 01 12 00 01 01 00 02 04 12 00 03 02 0A 55 07 05 00 05 23 48 45 25 16 03 16 02 51 F2 09 02 01 09 01 00 11 04 11 01 16 01 12 08 98 12 00 32 02 04 55 07 05 00 00 00 00 00 00 09 0B 37 30 00 10 00 00 05 23 48 45 25 12 00 01 12 00 01 01 00 02 04 12 00 05 02 0A 55 07 05 00 05 23 30 70 39 16 03 16 02 51 F2 09 02 01 09 01 00 11 04 11 01 16 01 12 08 98 12 00 32 02 04 55 07 05 00 00 00 00 00 00 09 0B 37 30 00 10 00 00 05 23 30 70 39 12 00 01 12 00 01 01 00 02 04 12 00 06 02 0A 55 07 05 00 05 23 49 08 61 16 03 16 02 51 F2 09 02 01 09 01 00 11 04 11 01 16 01 12 08 98 12 00 32 02 04 55 07 05 00 00 00 00 00 00 09 0B 37 30 00 10 00 00 05 23 49 08 61 12 00 01 12 00 01 01 00 02 04 12 00 07 02 0A 55 07 05 00 05 23 42 62 97 16 03 16 02 51 F2 09 02 01 09 01 00 11 04 11 01 16 01 12 08 98 12 00 32 02 04 55 07 05 00 00 00 00 00 00 09 0B 37 30 00 10 00 00 05 23 42 62 97 12 00 01 12 00 01 01 00 02 04 12 00 08 02 0A 55 07 05 00 05 23 57 07 85 16 03 16 02 51 F2 09 02 01 09 01 00 11 04 11 01 16 01 12 08 98 12 00 32 02 04 55 07 05 00 00 00 00 00 00 09 0B 37 30 00 10 00 00 05 23 57 07 85 12 00 01 12 00 01 01 00 02 04 12 00 09 02 0A 55 07 05 00 05 23 56 76 24 16 03 16 02 51 F2 09 02 01 09 01 00 11 04 11 01 16 01 12 08 98 12 00 32 02 04 55 07 05 00 00 00 00 00 00 09 0B 37 30 00 10 00 00 05 23 56 76 24 12 00 01 12 00 01 01 00 02 04 12 00 0A 02 0A 55 07 05 00 07 23 87 98 17 16 03 16 02 51 F2 09 02 01 09 01 00 11 04 11 01 16 01 12 00 00 12 00 00 02 04 55 07 05 00 00 00 00 00 00 09 0B 37 30 00 10 00 00 07 23 87 98 17 12 00 01 12 00 01 01 00 02 04 12 00 0B 02 0A 55 07 05 00 05 23 48 30 23 16 03 16 02 51 F2 09 02 01 09 01 00 11 04 11 01 16 01 12 08 98 12 00 32 02 04 55 07 05 00 00 00 00 00 00 09 0B 37 30 00 10 00 00 05 23 48 30 23 12 00 01 12 00 01 01 00 02 04 12 00 0C 02 0A 55 07 05 00 08 45 11 15 43 16 03 16 02 51 F2 09 02 01 09 01 00 11 04 11 01 16 01 12 00 00 12 00 00 02 04 55 07 05 00 00 00 00 00 00 09 0B 37 30 00 10 00 00 08 45 11 15 43 12 00 01 12 00 01 01 00 00 00 99 83 16 
[2024-07-22 15:36:58.506][..\client\comm.c][getResquestNormal_Client()][1035]: sendbuf: --->>>> 68 15 00 43 05 92 61 40 67 01 00 00 9E 00 05 05 16 00 00 00 9B 39 16 
[2024-07-22 15:37:03.533][..\client\comm.c][read485Frame_Client()][148]: error: read485Frame: out of time

[2024-07-22 15:37:03.533][..\client\init.c][CommTask()][217]: error getting 6000-2, repeat 1

[2024-07-22 15:37:03.533][..\client\init.c][CommTask()][299]: normal end for once,day:22 time:15:37:3
[2024-07-22 15:37:04.536][..\client\comm.c][getResquestNormal_Client()][1035]: sendbuf: --->>>> 68 17 00 43 05 92 61 40 67 01 00 00 BC AB 05 01 04 60 00 02 00 00 6B 6F 16 
[2024-07-22 15:37:09.566][..\client\comm.c][read485Frame_Client()][152]: readbuf: ---<<<< 68 F0 02 C3 05 92 61 40 67 01 00 00 57 2A 85 05 04 00 00 00 01 01 60 00 02 00 01 01 0A 02 04 12 00 02 02 0A 55 07 05 00 05 23 45 49 79 16 03 16 02 51 F2 09 02 01 09 01 00 11 04 11 01 16 01 12 08 98 12 00 32 02 04 55 07 05 00 00 00 00 00 00 09 0B 37 30 00 10 00 00 05 23 45 49 79 12 00 01 12 00 01 01 00 02 04 12 00 03 02 0A 55 07 05 00 05 23 48 45 25 16 03 16 02 51 F2 09 02 01 09 01 00 11 04 11 01 16 01 12 08 98 12 00 32 02 04 55 07 05 00 00 00 00 00 00 09 0B 37 30 00 10 00 00 05 23 48 45 25 12 00 01 12 00 01 01 00 02 04 12 00 05 02 0A 55 07 05 00 05 23 30 70 39 16 03 16 02 51 F2 09 02 01 09 01 00 11 04 11 01 16 01 12 08 98 12 00 32 02 04 55 07 05 00 00 00 00 00 00 09 0B 37 30 00 10 00 00 05 23 30 70 39 12 00 01 12 00 01 01 00 02 04 12 00 06 02 0A 55 07 05 00 05 23 49 08 61 16 03 16 02 51 F2 09 02 01 09 01 00 11 04 11 01 16 01 12 08 98 12 00 32 02 04 55 07 05 00 00 00 00 00 00 09 0B 37 30 00 10 00 00 05 23 49 08 61 12 00 01 12 00 01 01 00 02 04 12 00 07 02 0A 55 07 05 00 05 23 42 62 97 16 03 16 02 51 F2 09 02 01 09 01 00 11 04 11 01 16 01 12 08 98 12 00 32 02 04 55 07 05 00 00 00 00 00 00 09 0B 37 30 00 10 00 00 05 23 42 62 97 12 00 01 12 00 01 01 00 02 04 12 00 08 02 0A 55 07 05 00 05 23 57 07 85 16 03 16 02 51 F2 09 02 01 09 01 00 11 04 11 01 16 01 12 08 98 12 00 32 02 04 55 07 05 00 00 00 00 00 00 09 0B 37 30 00 10 00 00 05 23 57 07 85 12 00 01 12 00 01 01 00 02 04 12 00 09 02 0A 55 07 05 00 05 23 56 76 24 16 03 16 02 51 F2 09 02 01 09 01 00 11 04 11 01 16 01 12 08 98 12 00 32 02 04 55 07 05 00 00 00 00 00 00 09 0B 37 30 00 10 00 00 05 23 56 76 24 12 00 01 12 00 01 01 00 02 04 12 00 0A 02 0A 55 07 05 00 07 23 87 98 17 16 03 16 02 51 F2 09 02 01 09 01 00 11 04 11 01 16 01 12 00 00 12 00 00 02 04 55 07 05 00 00 00 00 00 00 09 0B 37 30 00 10 00 00 07 23 87 98 17 12 00 01 12 00 01 01 00 02 04 12 00 0B 02 0A 55 07 05 00 05 23 48 30 23 16 03 16 02 51 F2 09 02 01 09 01 00 11 04 11 01 16 01 12 08 98 12 00 32 02 04 55 07 05 00 00 00 00 00 00 09 0B 37 30 00 10 00 00 05 23 48 30 23 12 00 01 12 00 01 01 00 02 04 12 00 0C 02 0A 55 07 05 00 08 45 11 15 43 16 03 16 02 51 F2 09 02 01 09 01 00 11 04 11 01 16 01 12 00 00 12 00 00 02 04 55 07 05 00 00 00 00 00 00 09 0B 37 30 00 10 00 00 08 45 11 15 43 12 00 01 12 00 01 01 00 00 00 99 83 16 
[2024-07-22 15:37:09.567][..\client\comm.c][getResquestNormal_Client()][1035]: sendbuf: --->>>> 68 15 00 43 05 92 61 40 67 01 00 00 9E 00 05 05 16 00 00 00 9B 39 16 
[2024-07-22 15:37:14.567][..\client\comm.c][read485Frame_Client()][148]: error: read485Frame: out of time

[2024-07-22 15:37:14.568][..\client\init.c][CommTask()][217]: error getting 6000-2, repeat 3

[2024-07-22 15:37:14.568][..\client\comm.c][getResquestNormal_Client()][1035]: sendbuf: --->>>> 68 17 00 43 05 92 61 40 67 01 00 00 BC AB 05 01 04 60 00 02 00 00 6B 6F 16 
[2024-07-22 15:37:19.568][..\client\comm.c][read485Frame_Client()][152]: readbuf: ---<<<< 68 F0 02 C3 05 92 61 40 67 01 00 00 57 2A 85 05 04 00 00 00 01 01 60 00 02 00 01 01 0A 02 04 12 00 02 02 0A 55 07 05 00 05 23 45 49 79 16 03 16 02 51 F2 09 02 01 09 01 00 11 04 11 01 16 01 12 08 98 12 00 32 02 04 55 07 05 00 00 00 00 00 00 09 0B 37 30 00 10 00 00 05 23 45 49 79 12 00 01 12 00 01 01 00 02 04 12 00 03 02 0A 55 07 05 00 05 23 48 45 25 16 03 16 02 51 F2 09 02 01 09 01 00 11 04 11 01 16 01 12 08 98 12 00 32 02 04 55 07 05 00 00 00 00 00 00 09 0B 37 30 00 10 00 00 05 23 48 45 25 12 00 01 12 00 01 01 00 02 04 12 00 05 02 0A 55 07 05 00 05 23 30 70 39 16 03 16 02 51 F2 09 02 01 09 01 00 11 04 11 01 16 01 12 08 98 12 00 32 02 04 55 07 05 00 00 00 00 00 00 09 0B 37 30 00 10 00 00 05 23 30 70 39 12 00 01 12 00 01 01 00 02 04 12 00 06 02 0A 55 07 05 00 05 23 49 08 61 16 03 16 02 51 F2 09 02 01 09 01 00 11 04 11 01 16 01 12 08 98 12 00 32 02 04 55 07 05 00 00 00 00 00 00 09 0B 37 30 00 10 00 00 05 23 49 08 61 12 00 01 12 00 01 01 00 02 04 12 00 07 02 0A 55 07 05 00 05 23 42 62 97 16 03 16 02 51 F2 09 02 01 09 01 00 11 04 11 01 16 01 12 08 98 12 00 32 02 04 55 07 05 00 00 00 00 00 00 09 0B 37 30 00 10 00 00 05 23 42 62 97 12 00 01 12 00 01 01 00 02 04 12 00 08 02 0A 55 07 05 00 05 23 57 07 85 16 03 16 02 51 F2 09 02 01 09 01 00 11 04 11 01 16 01 12 08 98 12 00 32 02 04 55 07 05 00 00 00 00 00 00 09 0B 37 30 00 10 00 00 05 23 57 07 85 12 00 01 12 00 01 01 00 02 04 12 00 09 02 0A 55 07 05 00 05 23 56 76 24 16 03 16 02 51 F2 09 02 01 09 01 00 11 04 11 01 16 01 12 08 98 12 00 32 02 04 55 07 05 00 00 00 00 00 00 09 0B 37 30 00 10 00 00 05 23 56 76 24 12 00 01 12 00 01 01 00 02 04 12 00 0A 02 0A 55 07 05 00 07 23 87 98 17 16 03 16 02 51 F2 09 02 01 09 01 00 11 04 11 01 16 01 12 00 00 12 00 00 02 04 55 07 05 00 00 00 00 00 00 09 0B 37 30 00 10 00 00 07 23 87 98 17 12 00 01 12 00 01 01 00 02 04 12 00 0B 02 0A 55 07 05 00 05 23 48 30 23 16 03 16 02 51 F2 09 02 01 09 01 00 11 04 11 01 16 01 12 08 98 12 00 32 02 04 55 07 05 00 00 00 00 00 00 09 0B 37 30 00 10 00 00 05 23 48 30 23 12 00 01 12 00 01 01 00 02 04 12 00 0C 02 0A 55 07 05 00 08 45 11 15 43 16 03 16 02 51 F2 09 02 01 09 01 00 11 04 11 01 16 01 12 00 00 12 00 00 02 04 55 07 05 00 00 00 00 00 00 09 0B 37 30 00 10 00 00 08 45 11 15 43 12 00 01 12 00 01 01 00 00 00 99 83 16 
[2024-07-22 15:37:19.569][..\client\comm.c][getResquestNormal_Client()][1035]: sendbuf: --->>>> 68 15 00 43 05 92 61 40 67 01 00 00 9E 00 05 05 16 00 00 00 9B 39 16 
[2024-07-22 15:37:24.570][..\client\comm.c][read485Frame_Client()][148]: error: read485Frame: out of time

[2024-07-22 15:37:24.570][..\client\init.c][CommTask()][217]: error getting 6000-2, repeat 2

[2024-07-22 15:37:24.570][..\client\comm.c][getResquestNormal_Client()][1035]: sendbuf: --->>>> 68 17 00 43 05 92 61 40 67 01 00 00 BC AB 05 01 04 60 00 02 00 00 6B 6F 16 
[2024-07-22 15:37:29.570][..\client\comm.c][read485Frame_Client()][152]: readbuf: ---<<<< 68 F0 02 C3 05 92 61 40 67 01 00 00 57 2A 85 05 04 00 00 00 01 01 60 00 02 00 01 01 0A 02 04 12 00 02 02 0A 55 07 05 00 05 23 45 49 79 16 03 16 02 51 F2 09 02 01 09 01 00 11 04 11 01 16 01 12 08 98 12 00 32 02 04 55 07 05 00 00 00 00 00 00 09 0B 37 30 00 10 00 00 05 23 45 49 79 12 00 01 12 00 01 01 00 02 04 12 00 03 02 0A 55 07 05 00 05 23 48 45 25 16 03 16 02 51 F2 09 02 01 09 01 00 11 04 11 01 16 01 12 08 98 12 00 32 02 04 55 07 05 00 00 00 00 00 00 09 0B 37 30 00 10 00 00 05 23 48 45 25 12 00 01 12 00 01 01 00 02 04 12 00 05 02 0A 55 07 05 00 05 23 30 70 39 16 03 16 02 51 F2 09 02 01 09 01 00 11 04 11 01 16 01 12 08 98 12 00 32 02 04 55 07 05 00 00 00 00 00 00 09 0B 37 30 00 10 00 00 05 23 30 70 39 12 00 01 12 00 01 01 00 02 04 12 00 06 02 0A 55 07 05 00 05 23 49 08 61 16 03 16 02 51 F2 09 02 01 09 01 00 11 04 11 01 16 01 12 08 98 12 00 32 02 04 55 07 05 00 00 00 00 00 00 09 0B 37 30 00 10 00 00 05 23 49 08 61 12 00 01 12 00 01 01 00 02 04 12 00 07 02 0A 55 07 05 00 05 23 42 62 97 16 03 16 02 51 F2 09 02 01 09 01 00 11 04 11 01 16 01 12 08 98 12 00 32 02 04 55 07 05 00 00 00 00 00 00 09 0B 37 30 00 10 00 00 05 23 42 62 97 12 00 01 12 00 01 01 00 02 04 12 00 08 02 0A 55 07 05 00 05 23 57 07 85 16 03 16 02 51 F2 09 02 01 09 01 00 11 04 11 01 16 01 12 08 98 12 00 32 02 04 55 07 05 00 00 00 00 00 00 09 0B 37 30 00 10 00 00 05 23 57 07 85 12 00 01 12 00 01 01 00 02 04 12 00 09 02 0A 55 07 05 00 05 23 56 76 24 16 03 16 02 51 F2 09 02 01 09 01 00 11 04 11 01 16 01 12 08 98 12 00 32 02 04 55 07 05 00 00 00 00 00 00 09 0B 37 30 00 10 00 00 05 23 56 76 24 12 00 01 12 00 01 01 00 02 04 12 00 0A 02 0A 55 07 05 00 07 23 87 98 17 16 03 16 02 51 F2 09 02 01 09 01 00 11 04 11 01 16 01 12 00 00 12 00 00 02 04 55 07 05 00 00 00 00 00 00 09 0B 37 30 00 10 00 00 07 23 87 98 17 12 00 01 12 00 01 01 00 02 04 12 00 0B 02 0A 55 07 05 00 05 23 48 30 23 16 03 16 02 51 F2 09 02 01 09 01 00 11 04 11 01 16 01 12 08 98 12 00 32 02 04 55 07 05 00 00 00 00 00 00 09 0B 37 30 00 10 00 00 05 23 48 30 23 12 00 01 12 00 01 01 00 02 04 12 00 0C 02 0A 55 07 05 00 08 45 11 15 43 16 03 16 02 51 F2 09 02 01 09 01 00 11 04 11 01 16 01 12 00 00 12 00 00 02 04 55 07 05 00 00 00 00 00 00 09 0B 37 30 00 10 00 00 08 45 11 15 43 12 00 01 12 00 01 01 00 00 00 99 83 16 
[2024-07-22 15:37:29.572][..\client\comm.c][getResquestNormal_Client()][1035]: sendbuf: --->>>> 68 15 00 43 05 92 61 40 67 01 00 00 9E 00 05 05 16 00 00 00 9B 39 16 
[2024-07-22 15:37:34.573][..\client\comm.c][read485Frame_Client()][148]: error: read485Frame: out of time

[2024-07-22 15:37:34.573][..\client\init.c][CommTask()][217]: error getting 6000-2, repeat 1

[2024-07-22 15:37:34.573][..\client\init.c][CommTask()][299]: normal end for once,day:22 time:15:37:34
[2024-07-22 15:37:35.576][..\client\comm.c][getResquestNormal_Client()][1035]: sendbuf: --->>>> 68 17 00 43 05 92 61 40 67 01 00 00 BC AB 05 01 04 60 00 02 00 00 6B 6F 16 
[2024-07-22 15:37:40.576][..\client\comm.c][read485Frame_Client()][152]: readbuf: ---<<<< 68 F0 02 C3 05 92 61 40 67 01 00 00 57 2A 85 05 04 00 00 00 01 01 60 00 02 00 01 01 0A 02 04 12 00 02 02 0A 55 07 05 00 05 23 45 49 79 16 03 16 02 51 F2 09 02 01 09 01 00 11 04 11 01 16 01 12 08 98 12 00 32 02 04 55 07 05 00 00 00 00 00 00 09 0B 37 30 00 10 00 00 05 23 45 49 79 12 00 01 12 00 01 01 00 02 04 12 00 03 02 0A 55 07 05 00 05 23 48 45 25 16 03 16 02 51 F2 09 02 01 09 01 00 11 04 11 01 16 01 12 08 98 12 00 32 02 04 55 07 05 00 00 00 00 00 00 09 0B 37 30 00 10 00 00 05 23 48 45 25 12 00 01 12 00 01 01 00 02 04 12 00 05 02 0A 55 07 05 00 05 23 30 70 39 16 03 16 02 51 F2 09 02 01 09 01 00 11 04 11 01 16 01 12 08 98 12 00 32 02 04 55 07 05 00 00 00 00 00 00 09 0B 37 30 00 10 00 00 05 23 30 70 39 12 00 01 12 00 01 01 00 02 04 12 00 06 02 0A 55 07 05 00 05 23 49 08 61 16 03 16 02 51 F2 09 02 01 09 01 00 11 04 11 01 16 01 12 08 98 12 00 32 02 04 55 07 05 00 00 00 00 00 00 09 0B 37 30 00 10 00 00 05 23 49 08 61 12 00 01 12 00 01 01 00 02 04 12 00 07 02 0A 55 07 05 00 05 23 42 62 97 16 03 16 02 51 F2 09 02 01 09 01 00 11 04 11 01 16 01 12 08 98 12 00 32 02 04 55 07 05 00 00 00 00 00 00 09 0B 37 30 00 10 00 00 05 23 42 62 97 12 00 01 12 00 01 01 00 02 04 12 00 08 02 0A 55 07 05 00 05 23 57 07 85 16 03 16 02 51 F2 09 02 01 09 01 00 11 04 11 01 16 01 12 08 98 12 00 32 02 04 55 07 05 00 00 00 00 00 00 09 0B 37 30 00 10 00 00 05 23 57 07 85 12 00 01 12 00 01 01 00 02 04 12 00 09 02 0A 55 07 05 00 05 23 56 76 24 16 03 16 02 51 F2 09 02 01 09 01 00 11 04 11 01 16 01 12 08 98 12 00 32 02 04 55 07 05 00 00 00 00 00 00 09 0B 37 30 00 10 00 00 05 23 56 76 24 12 00 01 12 00 01 01 00 02 04 12 00 0A 02 0A 55 07 05 00 07 23 87 98 17 16 03 16 02 51 F2 09 02 01 09 01 00 11 04 11 01 16 01 12 00 00 12 00 00 02 04 55 07 05 00 00 00 00 00 00 09 0B 37 30 00 10 00 00 07 23 87 98 17 12 00 01 12 00 01 01 00 02 04 12 00 0B 02 0A 55 07 05 00 05 23 48 30 23 16 03 16 02 51 F2 09 02 01 09 01 00 11 04 11 01 16 01 12 08 98 12 00 32 02 04 55 07 05 00 00 00 00 00 00 09 0B 37 30 00 10 00 00 05 23 48 30 23 12 00 01 12 00 01 01 00 02 04 12 00 0C 02 0A 55 07 05 00 08 45 11 15 43 16 03 16 02 51 F2 09 02 01 09 01 00 11 04 11 01 16 01 12 00 00 12 00 00 02 04 55 07 05 00 00 00 00 00 00 09 0B 37 30 00 10 00 00 08 45 11 15 43 12 00 01 12 00 01 01 00 00 00 99 83 16 
[2024-07-22 15:37:40.578][..\client\comm.c][getResquestNormal_Client()][1035]: sendbuf: --->>>> 68 15 00 43 05 92 61 40 67 01 00 00 9E 00 05 05 16 00 00 00 9B 39 16 
