
18:36:37.041 设备接收:68 04 01 00 26 00

18:36:37.730 设备发送:68 B2 26 00 06 00 0D 15 03 00 01 00 E6 40 00 33 B3 21 43 00 E8 40 00 33 B3 21 43 00 EA 40 00 9A 99 21 43 00 EC 40 00 9A 99 21 43 00 EE 40 00 67 E6 21 43 00 F0 40 00 67 E6 21 43 00 F2 40 00 67 E6 21 43 00 F4 40 00 67 E6 21 43 00 0F 41 00 33 F3 CB 43 00 10 41 00 00 00 CC 43 00 11 41 00 33 B3 CB 43 00 12 41 00 9A 19 68 43 00 13 41 00 00 80 6A 43 00 14 41 00 33 B3 68 43 00 18 41 00 A6 9B 90 41 00 1C 41 00 C2 F5 47 42 00 1E 41 00 00 00 B4 41 00 20 41 00 2A E8 CA 4E 00 21 41 00 41 E9 CA 4E 00 22 41 00 66 AB F6 46 00 23 41 00 0A 57 BC 42 00

18:36:40.938 设备发送:68 04 43 00 00 00

18:36:41.042 设备接收:68 04 01 00 28 00

18:36:41.242 设备接收:68 04 83 00 00 00

18:36:45.151 设备发送:68 04 43 00 00 00

18:36:45.439 设备接收:68 04 83 00 00 00

18:36:49.358 设备发送:68 04 43 00 00 00

18:36:49.646 设备接收:68 04 83 00 00 00

18:36:49.763 设备发送:68 4A 28 00 06 00 0D 08 03 00 01 00 0E 40 00 00 00 08 43 00 10 40 00 00 00 08 43 00 12 40 00 33 B3 07 43 00 14 40 00 33 B3 07 43 00 16 40 00 CD 4C 08 43 00 18 40 00 CD 4C 08 43 00 1A 40 00 CD 4C 08 43 00 1C 40 00 CD 4C 08 43 00

18:36:53.081 设备接收:68 04 01 00 2A 00

18:36:53.771 设备发送:68 52 2A 00 06 00 0D 09 03 00 01 00 39 40 00 9A 59 CB 43 00 56 40 00 00 80 00 43 00 58 40 00 00 80 00 43 00 5A 40 00 CD CC FF 42 00 5C 40 00 CD CC FF 42 00 5E 40 00 CD 4C 00 43 00 60 40 00 CD 4C 00 43 00 62 40 00 00 00 01 43 00 64 40 00 00 00 01 43 00

18:36:56.965 设备发送:68 04 43 00 00 00

18:36:57.075 设备接收:68 04 01 00 2C 00

18:36:57.278 设备接收:68 04 83 00 00 00

18:36:57.768 设备发送:68 4A 2C 00 06 00 0D 08 03 00 01 00 9E 40 00 CD CC 24 43 00 A0 40 00 CD CC 24 43 00 A2 40 00 CD 4C 24 43 00 A4 40 00 CD 4C 24 43 00 A6 40 00 33 B3 24 43 00 A8 40 00 33 B3 24 43 00 AA 40 00 67 E6 24 43 00 AC 40 00 67 E6 24 43 00

18:37:01.085 设备接收:68 04 01 00 2E 00

18:37:01.773 设备发送:68 1A 2E 00 06 00 0D 02 03 00 01 00 C7 40 00 CD 0C CD 43 00 C8 40 00 67 E6 CC 43 00

18:37:04.994 设备发送:68 04 43 00 00 00

18:37:05.083 设备接收:68 04 01 00 30 00

18:37:05.281 设备接收:68 04 83 00 00 00

18:37:09.205 设备发送:68 04 43 00 00 00

18:37:09.486 设备接收:68 04 83 00 00 00

18:37:13.405 设备发送:68 04 43 00 00 00

18:37:13.692 设备接收:68 04 83 00 00 00

18:37:13.805 设备发送:68 4A 30 00 06 00 0D 08 03 00 01 00 0E 40 00 CD CC 98 42 00 10 40 00 CD CC 98 42 00 12 40 00 33 33 98 42 00 14 40 00 33 33 98 42 00 16 40 00 9A 99 99 42 00 18 40 00 9A 99 99 42 00 1A 40 00 9A 99 99 42 00 1C 40 00 9A 99 99 42 00

18:37:17.117 设备接收:68 04 01 00 32 00

18:37:17.814 设备发送:68 12 32 00 06 00 0D 01 03 00 01 00 39 40 00 33 F3 CB 43 00

18:37:21.009 设备发送:68 04 43 00 00 00

18:37:21.129 设备接收:68 04 01 00 34 00

18:37:21.322 设备接收:68 04 83 00 00 00

18:37:25.232 设备发送:68 04 43 00 00 00

18:37:25.518 设备接收:68 04 83 00 00 00

18:37:25.841 设备发送:68 7A 34 00 06 00 0D 0E 03 00 01 00 9E 40 00 67 66 C1 42 00 A0 40 00 67 66 C1 42 00 A2 40 00 67 66 C0 42 00 A4 40 00 67 66 C0 42 00 A6 40 00 67 66 C1 42 00 A8 40 00 67 66 C1 42 00 AA 40 00 CD CC C1 42 00 AC 40 00 CD CC C1 42 00 C7 40 00 00 C0 CD 43 00 C8 40 00 33 B3 CD 43 00 C9 40 00 9A 99 CD 43 00 CA 40 00 9A 19 6A 43 00 CB 40 00 CD CC 6B 43 00 CC 40 00 CD 4C 6A 43 00

18:37:29.141 设备接收:68 04 01 00 36 00

18:37:33.052 设备发送:68 04 43 00 00 00

18:37:33.340 设备接收:68 04 83 00 00 00

18:37:37.258 设备发送:68 04 43 00 00 00

18:37:37.547 设备接收:68 04 83 00 00 00

18:37:41.462 设备发送:68 04 43 00 00 00

18:37:41.748 设备接收:68 04 83 00 00 00

18:37:41.863 设备发送:68 62 36 00 06 00 0D 0B 03 00 01 00 0E 40 00 67 66 11 43 00 10 40 00 67 66 11 43 00 12 40 00 33 33 11 43 00 14 40 00 33 33 11 43 00 16 40 00 CD CC 11 43 00 18 40 00 CD CC 11 43 00 1A 40 00 CD CC 11 43 00 1C 40 00 CD CC 11 43 00 37 40 00 9A 99 CB 43 00 39 40 00 00 40 CB 43 00 3A 40 00 9A 19 6A 43 00

18:37:45.151 设备接收:68 04 01 00 38 00

18:37:45.862 设备发送:68 52 38 00 06 00 0D 09 03 00 01 00 56 40 00 67 66 C6 42 00 58 40 00 67 66 C6 42 00 5A 40 00 00 00 C5 42 00 5C 40 00 00 00 C5 42 00 5E 40 00 33 33 C6 42 00 60 40 00 33 33 C6 42 00 62 40 00 67 66 C7 42 00 64 40 00 67 66 C7 42 00 7F 40 00 00 00 CD 43 00

18:37:49.072 设备发送:68 04 43 00 00 00

18:37:49.183 设备接收:68 04 01 00 3A 00

18:37:49.386 设备接收:68 04 83 00 00 00

18:37:49.870 设备发送:68 4A 3A 00 06 00 0D 08 03 00 01 00 9E 40 00 00 80 00 43 00 A0 40 00 00 80 00 43 00 A2 40 00 9A 19 00 43 00 A4 40 00 9A 19 00 43 00 A6 40 00 00 80 00 43 00 A8 40 00 00 80 00 43 00 AA 40 00 33 B3 00 43 00 AC 40 00 33 B3 00 43 00

18:37:53.185 设备接收:68 04 01 00 3C 00

18:37:53.895 设备发送:68 8A 3C 00 06 00 0D 10 03 00 01 00 E6 40 00 00 00 00 00 00 E8 40 00 00 00 00 00 00 EA 40 00 00 00 00 00 00 EC 40 00 00 00 00 00 00 EE 40 00 00 00 00 00 00 F0 40 00 00 00 00 00 00 F2 40 00 00 00 00 00 00 F4 40 00 00 00 00 00 00 0F 41 00 00 00 00 00 00 10 41 00 00 00 00 00 00 11 41 00 00 00 00 00 00 12 41 00 00 00 00 00 00 13 41 00 00 00 00 00 00 14 41 00 00 00 00 00 00 1C 41 00 00 00 00 00 00 1E 41 00 00 00 00 00 00

18:37:57.092 设备发送:68 04 43 00 00 00

18:37:57.180 设备接收:68 04 01 00 3E 00

18:37:57.385 设备接收:68 04 83 00 00 00

18:38:01.299 设备发送:68 04 43 00 00 00

18:38:01.585 设备接收:68 04 83 00 00 00

18:38:05.502 设备发送:68 04 43 00 00 00

18:38:05.793 设备接收:68 04 83 00 00 00

18:38:05.904 设备发送:68 4A 3E 00 06 00 0D 08 03 00 01 00 0E 40 00 00 00 1B 43 00 10 40 00 00 00 1B 43 00 12 40 00 33 B3 1A 43 00 14 40 00 33 B3 1A 43 00 16 40 00 CD 4C 1B 43 00 18 40 00 CD 4C 1B 43 00 1A 40 00 CD 4C 1B 43 00 1C 40 00 CD 4C 1B 43 00

18:38:09.209 设备接收:68 04 01 00 40 00

18:38:09.903 设备发送:68 62 40 00 06 00 0D 0B 03 00 01 00 37 40 00 67 66 CC 43 00 39 40 00 00 00 CC 43 00 3A 40 00 9A 19 6B 43 00 56 40 00 33 33 A3 42 00 58 40 00 33 33 A3 42 00 5A 40 00 00 00 A2 42 00 5C 40 00 00 00 A2 42 00 5E 40 00 00 00 A3 42 00 60 40 00 00 00 A3 42 00 62 40 00 33 33 A4 42 00 64 40 00 33 33 A4 42 00

18:38:13.104 设备发送:68 04 43 00 00 00

18:38:13.222 设备接收:68 04 01 00 42 00

18:38:13.422 设备接收:68 04 83 00 00 00

18:38:13.911 设备发送:68 7A 42 00 06 00 0D 0E 03 00 01 00 7F 40 00 CD 8C CD 43 00 80 40 00 67 26 CD 43 00 81 40 00 67 E6 CC 43 00 82 40 00 33 B3 69 43 00 83 40 00 CD CC 6B 43 00 84 40 00 9A 99 69 43 00 9E 40 00 67 66 F3 42 00 A0 40 00 67 66 F3 42 00 A2 40 00 9A 99 F2 42 00 A4 40 00 9A 99 F2 42 00 A6 40 00 67 66 F3 42 00 A8 40 00 67 66 F3 42 00 AA 40 00 CD CC F3 42 00 AC 40 00 CD CC F3 42 00

18:38:17.225 设备接收:68 04 01 00 44 00

