
18:43:34.043 设备接收:68 04 01 00 B4 00

18:43:37.943 设备发送:68 04 43 00 00 00

18:43:38.231 设备接收:68 04 83 00 00 00

18:43:38.756 设备发送:68 4A B4 00 0C 00 0D 08 03 00 01 00 9E 40 00 33 33 6B 42 00 A0 40 00 33 33 6B 42 00 A2 40 00 9A 99 69 42 00 A4 40 00 9A 99 69 42 00 A6 40 00 9A 99 6B 42 00 A8 40 00 9A 99 6B 42 00 AA 40 00 00 00 6C 42 00 AC 40 00 00 00 6C 42 00

18:43:42.040 设备接收:68 04 01 00 B6 00

18:43:45.952 设备发送:68 04 43 00 00 00

18:43:46.265 设备接收:68 04 83 00 00 00

18:43:50.149 设备发送:68 04 43 00 00 00

18:43:50.480 设备接收:68 04 83 00 00 00

18:43:54.370 设备发送:68 04 43 00 00 00

18:43:54.661 设备接收:68 04 83 00 00 00

18:43:54.780 设备发送:68 4A B6 00 0C 00 0D 08 03 00 01 00 0E 40 00 CD 4C 26 43 00 10 40 00 CD 4C 26 43 00 12 40 00 9A 19 26 43 00 14 40 00 9A 19 26 43 00 16 40 00 33 B3 26 43 00 18 40 00 33 B3 26 43 00 1A 40 00 9A 99 26 43 00 1C 40 00 9A 99 26 43 00

18:43:58.071 设备接收:68 04 01 00 B8 00

18:43:58.780 设备发送:68 4A B8 00 0C 00 0D 08 03 00 01 00 56 40 00 33 33 B5 42 00 58 40 00 33 33 B5 42 00 5A 40 00 00 00 B4 42 00 5C 40 00 00 00 B4 42 00 5E 40 00 00 00 B5 42 00 60 40 00 00 00 B5 42 00 62 40 00 33 33 B6 42 00 64 40 00 33 33 B6 42 00

18:44:01.971 设备发送:68 04 43 00 00 00

18:44:02.086 设备接收:68 04 01 00 BA 00

18:44:02.292 设备接收:68 04 83 00 00 00

18:44:02.775 设备发送:68 4A BA 00 0C 00 0D 08 03 00 01 00 9E 40 00 00 00 C5 42 00 A0 40 00 00 00 C5 42 00 A2 40 00 33 33 C4 42 00 A4 40 00 33 33 C4 42 00 A6 40 00 00 00 C5 42 00 A8 40 00 00 00 C5 42 00 AA 40 00 67 66 C5 42 00 AC 40 00 67 66 C5 42 00

18:44:06.098 设备接收:68 04 01 00 BC 00

18:44:09.994 设备发送:68 04 43 00 00 00

18:44:10.308 设备接收:68 04 83 00 00 00

18:44:10.800 设备发送:68 4A BC 00 0C 00 0D 08 03 00 01 00 0F 41 00 CD 0C CD 43 00 10 41 00 67 A6 CC 43 00 11 41 00 67 A6 CC 43 00 12 41 00 00 80 69 43 00 13 41 00 67 66 6B 43 00 14 41 00 9A 99 69 43 00 1C 41 00 C2 F5 47 42 00 1E 41 00 67 66 AE 41 00

18:44:14.099 设备接收:68 04 01 00 BE 00

18:44:18.023 设备发送:68 04 43 00 00 00

18:44:18.311 设备接收:68 04 83 00 00 00

18:44:22.214 设备发送:68 04 43 00 00 00

18:44:22.525 设备接收:68 04 83 00 00 00

18:44:22.817 设备发送:68 4A BE 00 0C 00 0D 08 03 00 01 00 0E 40 00 33 33 2F 43 00 10 40 00 33 33 2F 43 00 12 40 00 00 00 2F 43 00 14 40 00 00 00 2F 43 00 16 40 00 00 80 2F 43 00 18 40 00 00 80 2F 43 00 1A 40 00 00 80 2F 43 00 1C 40 00 00 80 2F 43 00

18:44:26.136 设备接收:68 04 01 00 C0 00

18:44:26.845 设备发送:68 62 C0 00 0C 00 0D 0B 03 00 01 00 37 40 00 67 26 CC 43 00 38 40 00 CD 8C CB 43 00 39 40 00 67 A6 CB 43 00 56 40 00 9A 99 AE 42 00 58 40 00 9A 99 AE 42 00 5A 40 00 33 33 AD 42 00 5C 40 00 33 33 AD 42 00 5E 40 00 33 33 AE 42 00 60 40 00 33 33 AE 42 00 62 40 00 9A 99 AF 42 00 64 40 00 9A 99 AF 42 00

18:44:30.031 设备发送:68 04 43 00 00 00

18:44:30.146 设备接收:68 04 01 00 C2 00

18:44:30.344 设备接收:68 04 83 00 00 00

18:44:30.835 设备发送:68 5A C2 00 0C 00 0D 0A 03 00 01 00 7F 40 00 67 E6 CC 43 00 81 40 00 CD 4C CC 43 00 9E 40 00 9A 99 AE 42 00 A0 40 00 9A 99 AE 42 00 A2 40 00 9A 99 AD 42 00 A4 40 00 9A 99 AD 42 00 A6 40 00 9A 99 AE 42 00 A8 40 00 9A 99 AE 42 00 AA 40 00 CD CC AE 42 00 AC 40 00 CD CC AE 42 00

18:44:34.152 设备接收:68 04 01 00 C4 00

18:44:34.856 设备发送:68 52 C4 00 0C 00 0D 09 03 00 01 00 C9 40 00 CD 0C CD 43 00 E6 40 00 67 66 23 43 00 E8 40 00 67 66 23 43 00 EA 40 00 CD 4C 23 43 00 EC 40 00 CD 4C 23 43 00 EE 40 00 9A 99 23 43 00 F0 40 00 9A 99 23 43 00 F2 40 00 9A 99 23 43 00 F4 40 00 9A 99 23 43 00

18:44:38.059 设备发送:68 04 43 00 00 00

18:44:38.148 设备接收:68 04 01 00 C6 00

18:44:38.350 设备接收:68 04 83 00 00 00

18:44:42.261 设备发送:68 04 43 00 00 00

18:44:42.549 设备接收:68 04 83 00 00 00

18:44:46.470 设备发送:68 04 43 00 00 00

18:44:46.780 设备接收:68 04 83 00 00 00

18:44:46.868 设备发送:68 4A C6 00 0C 00 0D 08 03 00 01 00 0E 40 00 CD CC E5 42 00 10 40 00 CD CC E5 42 00 12 40 00 33 33 E5 42 00 14 40 00 33 33 E5 42 00 16 40 00 9A 99 E6 42 00 18 40 00 9A 99 E6 42 00 1A 40 00 9A 99 E6 42 00 1C 40 00 9A 99 E6 42 00

18:44:50.164 设备接收:68 04 01 00 C8 00

18:44:50.880 设备发送:68 52 C8 00 0C 00 0D 09 03 00 01 00 39 40 00 9A 59 CC 43 00 56 40 00 00 00 0C 43 00 58 40 00 00 00 0C 43 00 5A 40 00 67 66 0B 43 00 5C 40 00 67 66 0B 43 00 5E 40 00 67 E6 0B 43 00 60 40 00 67 E6 0B 43 00 62 40 00 00 80 0C 43 00 64 40 00 00 80 0C 43 00

18:44:54.087 设备发送:68 04 43 00 00 00

18:44:54.194 设备接收:68 04 01 00 CA 00

18:44:54.400 设备接收:68 04 83 00 00 00

18:44:54.890 设备发送:68 4A CA 00 0C 00 0D 08 03 00 01 00 9E 40 00 CD 4C 19 43 00 A0 40 00 CD 4C 19 43 00 A2 40 00 67 E6 18 43 00 A4 40 00 67 E6 18 43 00 A6 40 00 33 33 19 43 00 A8 40 00 33 33 19 43 00 AA 40 00 67 66 19 43 00 AC 40 00 67 66 19 43 00

18:44:58.207 设备接收:68 04 01 00 CC 00

18:44:58.917 设备发送:68 1A CC 00 0C 00 0D 02 03 00 01 00 C8 40 00 33 F3 CD 43 00 C9 40 00 CD CC CD 43 00

18:45:02.125 设备发送:68 04 43 00 00 00

18:45:02.214 设备接收:68 04 01 00 CE 00

18:45:02.413 设备接收:68 04 83 00 00 00

18:45:06.314 设备发送:68 04 43 00 00 00

18:45:06.620 设备接收:68 04 83 00 00 00

18:45:10.538 设备发送:68 04 43 00 00 00

18:45:10.829 设备接收:68 04 83 00 00 00

18:45:14.743 设备发送:68 04 43 00 00 00

18:45:14.949 设备发送:68 4A CE 00 0C 00 0D 08 03 00 01 00 0E 40 00 9A 99 31 43 00 10 40 00 9A 99 31 43 00 12 40 00 67 66 31 43 00 14 40 00 67 66 31 43 00 16 40 00 00 00 32 43 00 18 40 00 00 00 32 43 00 1A 40 00 67 E6 31 43 00 1C 40 00 67 E6 31 43 00

18:45:15.045 设备接收:68 04 83 00 00 00

18:45:18.245 设备接收:68 04 01 00 D0 00

18:45:18.945 设备发送:68 5A D0 00 0C 00 0D 0A 03 00 01 00 56 40 00 CD CC 88 42 00 58 40 00 CD CC 88 42 00 5A 40 00 67 66 87 42 00 5C 40 00 67 66 87 42 00 5E 40 00 9A 99 88 42 00 60 40 00 9A 99 88 42 00 62 40 00 CD CC 89 42 00 64 40 00 CD CC 89 42 00 7F 40 00 67 A6 CD 43 00 81 40 00 9A 19 CD 43 00

18:45:22.155 设备发送:68 04 43 00 00 00

18:45:22.246 设备接收:68 04 01 00 D2 00

18:45:22.452 设备接收:68 04 83 00 00 00

18:45:22.943 设备发送:68 4A D2 00 0C 00 0D 08 03 00 01 00 9E 40 00 00 00 C1 42 00 A0 40 00 00 00 C1 42 00 A2 40 00 33 33 C0 42 00 A4 40 00 33 33 C0 42 00 A6 40 00 00 00 C1 42 00 A8 40 00 00 00 C1 42 00 AA 40 00 67 66 C1 42 00 AC 40 00 67 66 C1 42 00

18:45:26.264 设备接收:68 04 01 00 D4 00

18:45:26.955 设备发送:68 8A D4 00 0C 00 0D 10 03 00 01 00 E6 40 00 00 00 00 00 00 E8 40 00 00 00 00 00 00 EA 40 00 00 00 00 00 00 EC 40 00 00 00 00 00 00 EE 40 00 00 00 00 00 00 F0 40 00 00 00 00 00 00 F2 40 00 00 00 00 00 00 F4 40 00 00 00 00 00 00 0F 41 00 00 00 00 00 00 10 41 00 00 00 00 00 00 11 41 00 00 00 00 00 00 12 41 00 00 00 00 00 00 13 41 00 00 00 00 00 00 14 41 00 00 00 00 00 00 1C 41 00 00 00 00 00 00 1E 41 00 00 00 00 00 00

18:45:30.159 设备发送:68 04 43 00 00 00

18:45:30.274 设备接收:68 04 01 00 D6 00

18:45:30.471 设备接收:68 04 83 00 00 00

18:45:34.365 设备发送:68 04 43 00 00 00

18:45:34.676 设备接收:68 04 83 00 00 00

18:45:38.589 设备发送:68 04 43 00 00 00

18:45:38.875 设备接收:68 04 83 00 00 00

18:45:38.986 设备发送:68 4A D6 00 0C 00 0D 08 03 00 01 00 0E 40 00 CD 4C 00 43 00 10 40 00 CD 4C 00 43 00 12 40 00 00 00 00 43 00 14 40 00 00 00 00 43 00 16 40 00 33 B3 00 43 00 18 40 00 33 B3 00 43 00 1A 40 00 33 B3 00 43 00 1C 40 00 33 B3 00 43 00

18:45:42.292 设备接收:68 04 01 00 D8 00

18:45:42.983 设备发送:68 4A D8 00 0C 00 0D 08 03 00 01 00 56 40 00 67 66 F9 42 00 58 40 00 67 66 F9 42 00 5A 40 00 33 33 F8 42 00 5C 40 00 33 33 F8 42 00 5E 40 00 00 00 F9 42 00 60 40 00 00 00 F9 42 00 62 40 00 67 66 FA 42 00 64 40 00 67 66 FA 42 00

18:45:46.196 设备发送:68 04 43 00 00 00

18:45:46.284 设备接收:68 04 01 00 DA 00

18:45:46.493 设备接收:68 04 83 00 00 00

18:45:46.988 设备发送:68 52 DA 00 0C 00 0D 09 03 00 01 00 9E 40 00 00 00 21 43 00 A0 40 00 00 00 21 43 00 A2 40 00 9A 99 20 43 00 A4 40 00 9A 99 20 43 00 A6 40 00 67 E6 20 43 00 A8 40 00 67 E6 20 43 00 AA 40 00 9A 19 21 43 00 AC 40 00 9A 19 21 43 00 C9 40 00 67 26 CD 43 00

18:45:50.301 设备接收:68 04 01 00 DC 00

18:45:51.013 设备发送:68 8A DC 00 0C 00 0D 10 03 00 01 00 E6 40 00 67 E6 20 43 00 E8 40 00 67 E6 20 43 00 EA 40 00 67 E6 20 43 00 EC 40 00 67 E6 20 43 00 EE 40 00 9A 19 21 43 00 F0 40 00 9A 19 21 43 00 F2 40 00 9A 19 21 43 00 F4 40 00 9A 19 21 43 00 0F 41 00 CD 4C CD 43 00 10 41 00 CD 0C CD 43 00 11 41 00 CD CC CC 43 00 12 41 00 9A 99 69 43 00 13 41 00 00 00 6C 43 00 14 41 00 CD CC 69 43 00 1C 41 00 B8 1E 48 42 00 1E 41 00 9A 99 AD 41 00

18:45:54.199 设备发送:68 04 43 00 00 00

18:45:54.312 设备接收:68 04 01 00 DE 00

18:45:54.513 设备接收:68 04 83 00 00 00

18:45:58.423 设备发送:68 04 43 00 00 00

18:45:58.713 设备接收:68 04 83 00 00 00

18:46:02.626 设备发送:68 04 43 00 00 00

18:46:02.918 设备接收:68 04 83 00 00 00

18:46:03.037 设备发送:68 4A DE 00 0C 00 0D 08 03 00 01 00 0E 40 00 00 00 3D 43 00 10 40 00 00 00 3D 43 00 12 40 00 CD CC 3C 43 00 14 40 00 CD CC 3C 43 00 16 40 00 CD 4C 3D 43 00 18 40 00 CD 4C 3D 43 00 1A 40 00 CD 4C 3D 43 00 1C 40 00 CD 4C 3D 43 00

18:46:06.323 设备接收:68 04 01 00 E0 00

18:46:07.035 设备发送:68 4A E0 00 0C 00 0D 08 03 00 01 00 56 40 00 CD CC BD 42 00 58 40 00 CD CC BD 42 00 5A 40 00 67 66 BC 42 00 5C 40 00 67 66 BC 42 00 5E 40 00 9A 99 BD 42 00 60 40 00 9A 99 BD 42 00 62 40 00 CD CC BE 42 00 64 40 00 CD CC BE 42 00

18:46:10.244 设备发送:68 04 43 00 00 00

18:46:10.333 设备接收:68 04 01 00 E2 00

18:46:10.534 设备接收:68 04 83 00 00 00

18:46:11.048 设备发送:68 4A E2 00 0C 00 0D 08 03 00 01 00 9E 40 00 00 80 1A 43 00 A0 40 00 00 80 1A 43 00 A2 40 00 9A 19 1A 43 00 A4 40 00 9A 19 1A 43 00 A6 40 00 67 66 1A 43 00 A8 40 00 67 66 1A 43 00 AA 40 00 9A 99 1A 43 00 AC 40 00 9A 99 1A 43 00

18:46:14.347 设备接收:68 04 01 00 E4 00

18:46:18.239 设备发送:68 04 43 00 00 00

18:46:18.552 设备接收:68 04 83 00 00 00

18:46:22.466 设备发送:68 04 43 00 00 00

18:46:22.754 设备接收:68 04 83 00 00 00

18:46:26.663 设备发送:68 04 43 00 00 00

18:46:26.975 设备接收:68 04 83 00 00 00

18:46:27.085 设备发送:68 4A E4 00 0C 00 0D 08 03 00 01 00 0E 40 00 CD CC EA 42 00 10 40 00 CD CC EA 42 00 12 40 00 00 00 EA 42 00 14 40 00 00 00 EA 42 00 16 40 00 67 66 EB 42 00 18 40 00 67 66 EB 42 00 1A 40 00 67 66 EB 42 00 1C 40 00 67 66 EB 42 00

18:46:30.386 设备接收:68 04 01 00 E6 00

18:46:31.071 设备发送:68 4A E6 00 0C 00 0D 08 03 00 01 00 56 40 00 9A 19 15 43 00 58 40 00 9A 19 15 43 00 5A 40 00 9A 99 14 43 00 5C 40 00 9A 99 14 43 00 5E 40 00 00 00 15 43 00 60 40 00 00 00 15 43 00 62 40 00 9A 99 15 43 00 64 40 00 9A 99 15 43 00

18:46:34.283 设备发送:68 04 43 00 00 00

18:46:34.397 设备接收:68 04 01 00 E8 00

18:46:34.574 设备接收:68 04 83 00 00 00

18:46:35.086 设备发送:68 4A E8 00 0C 00 0D 08 03 00 01 00 9E 40 00 67 66 35 43 00 A0 40 00 67 66 35 43 00 A2 40 00 00 00 35 43 00 A4 40 00 00 00 35 43 00 A6 40 00 CD 4C 35 43 00 A8 40 00 CD 4C 35 43 00 AA 40 00 00 80 35 43 00 AC 40 00 00 80 35 43 00

18:46:38.396 设备接收:68 04 01 00 EA 00

18:46:42.315 设备发送:68 04 43 00 00 00

18:46:42.605 设备接收:68 04 83 00 00 00

18:46:43.093 设备发送:68 4A EA 00 0C 00 0D 08 03 00 01 00 0F 41 00 00 00 00 00 00 10 41 00 00 00 00 00 00 11 41 00 00 00 00 00 00 12 41 00 00 00 00 00 00 13 41 00 00 00 00 00 00 14 41 00 00 00 00 00 00 1C 41 00 00 00 00 00 00 1E 41 00 00 00 00 00 00

18:46:46.415 设备接收:68 04 01 00 EC 00

18:46:50.323 设备发送:68 04 43 00 00 00

18:46:50.612 设备接收:68 04 83 00 00 00

18:46:51.109 设备发送:68 4A EC 00 0C 00 0D 08 03 00 01 00 0E 40 00 67 66 0C 43 00 10 40 00 67 66 0C 43 00 12 40 00 9A 19 0C 43 00 14 40 00 9A 19 0C 43 00 16 40 00 33 B3 0C 43 00 18 40 00 33 B3 0C 43 00 1A 40 00 33 B3 0C 43 00 1C 40 00 33 B3 0C 43 00

18:46:54.422 设备接收:68 04 01 00 EE 00

18:46:55.114 设备发送:68 52 EE 00 0C 00 0D 09 03 00 01 00 39 40 00 9A D9 CB 43 00 56 40 00 00 00 9A 42 00 58 40 00 00 00 9A 42 00 5A 40 00 9A 99 98 42 00 5C 40 00 9A 99 98 42 00 5E 40 00 9A 99 99 42 00 60 40 00 9A 99 99 42 00 62 40 00 00 00 9B 42 00 64 40 00 00 00 9B 42 00

18:46:58.322 设备发送:68 04 43 00 00 00

18:46:58.448 设备接收:68 04 01 00 F0 00

18:46:58.637 设备接收:68 04 83 00 00 00

18:47:02.530 设备发送:68 04 43 00 00 00

18:47:02.842 设备接收:68 04 83 00 00 00

18:47:03.133 设备发送:68 4A F0 00 0C 00 0D 08 03 00 01 00 E6 40 00 00 00 00 00 00 E8 40 00 00 00 00 00 00 EA 40 00 00 00 00 00 00 EC 40 00 00 00 00 00 00 EE 40 00 00 00 00 00 00 F0 40 00 00 00 00 00 00 F2 40 00 00 00 00 00 00 F4 40 00 00 00 00 00 00

18:47:06.447 设备接收:68 04 01 00 F2 00

18:47:10.338 设备发送:68 04 43 00 00 00

18:47:10.656 设备接收:68 04 83 00 00 00

18:47:14.565 设备发送:68 04 43 00 00 00

18:47:14.860 设备接收:68 04 83 00 00 00

18:47:15.149 设备发送:68 4A F2 00 0C 00 0D 08 03 00 01 00 0E 40 00 9A 99 A3 42 00 10 40 00 9A 99 A3 42 00 12 40 00 CD CC A2 42 00 14 40 00 CD CC A2 42 00 16 40 00 67 66 A4 42 00 18 40 00 67 66 A4 42 00 1A 40 00 67 66 A4 42 00 1C 40 00 67 66 A4 42 00

18:47:18.466 设备接收:68 04 01 00 F4 00

18:47:19.159 设备发送:68 5A F4 00 0C 00 0D 0A 03 00 01 00 38 40 00 00 40 CC 43 00 39 40 00 33 73 CC 43 00 56 40 00 67 E6 05 43 00 58 40 00 67 E6 05 43 00 5A 40 00 67 66 05 43 00 5C 40 00 67 66 05 43 00 5E 40 00 CD CC 05 43 00 60 40 00 CD CC 05 43 00 62 40 00 67 66 06 43 00 64 40 00 67 66 06 43 00

18:47:22.371 设备发送:68 04 43 00 00 00

18:47:22.480 设备接收:68 04 01 00 F6 00

18:47:22.658 设备接收:68 04 83 00 00 00

18:47:23.171 设备发送:68 52 F6 00 0C 00 0D 09 03 00 01 00 80 40 00 00 80 CD 43 00 9E 40 00 33 33 D5 42 00 A0 40 00 33 33 D5 42 00 A2 40 00 67 66 D4 42 00 A4 40 00 67 66 D4 42 00 A6 40 00 33 33 D5 42 00 A8 40 00 33 33 D5 42 00 AA 40 00 67 66 D5 42 00 AC 40 00 67 66 D5 42 00

18:47:26.480 设备接收:68 04 01 00 F8 00

18:47:27.189 设备发送:68 22 F8 00 0C 00 0D 03 03 00 01 00 C7 40 00 CD 4C CE 43 00 C9 40 00 33 B3 CD 43 00 CA 40 00 00 80 6A 43 00

18:47:30.402 设备发送:68 04 43 00 00 00

18:47:30.487 设备接收:68 04 01 00 FA 00

18:47:30.686 设备接收:68 04 83 00 00 00

