
11:10:15.459 设备接收:68 0E 00 00 02 00 64 01 06 01 01 00 00 00 00 14

11:10:15.585 设备发送:68 0E 02 00 02 00 64 01 07 00 01 00 00 00 00 14

11:10:15.804 设备发送:68 0E 04 00 02 00 01 81 14 00 01 00 01 00 00 00

11:10:16.103 设备发送:68 4E 06 00 02 00 0D 8D 14 00 01 00 01 40 00 00 00 00 00 00 0B D7 A3 3B 00 0B D7 A3 3B 00 00 00 00 00 00 00 00 00 00 00 00 00 00 00 00 00 00 00 00 00 00 00 00 00 00 00 00 00 00 00 00 00 00 00 00 00 00 00 00 00 00 00 00 00 00 00 00 00 00 00

11:10:16.323 设备发送:68 0E 08 00 02 00 64 01 0A 00 01 00 00 00 00 14

11:10:19.820 设备发送:68 04 43 00 00 00

11:10:26.514 设备接收:68 04 07 00 00 00

11:10:26.624 设备发送:68 0E 00 00 00 00 46 01 04 00 01 00 00 00 00 00

11:10:27.546 设备接收:68 04 07 00 00 00

11:10:27.593 设备发送:68 04 0B 00 00 00

11:10:27.671 设备发送:68 0E 00 00 00 00 46 01 04 00 01 00 00 00 00 00

11:10:28.394 设备发送:68 04 0B 00 00 00

11:10:28.552 设备发送:68 0E 00 00 00 00 46 01 04 00 01 00 00 00 00 00

11:10:32.582 设备发送:68 04 43 00 00 00

11:10:34.379 设备接收:68 04 07 00 00 00

11:10:34.426 设备发送:68 04 0B 00 00 00

11:10:34.537 设备发送:68 0E 00 00 00 00 46 01 04 00 01 00 00 00 00 00

11:10:38.592 设备发送:68 04 43 00 00 00

11:10:39.537 设备发送:68 04 0B 00 00 00

11:10:39.584 设备接收:68 04 07 00 00 00

11:10:39.709 设备发送:68 0E 00 00 00 00 46 01 04 00 01 00 00 00 00 00

11:10:40.438 设备发送:68 04 0B 00 00 00

11:10:40.518 设备发送:68 0E 00 00 00 00 46 01 04 00 01 00 00 00 00 00

11:10:43.463 设备发送:68 04 0B 00 00 00

11:10:43.512 设备接收:68 04 07 00 00 00

11:10:43.621 设备发送:68 0E 00 00 00 00 46 01 04 00 01 00 00 00 00 00

11:10:45.720 设备接收:68 0E 00 00 02 00 64 01 06 01 01 00 00 00 00 14

11:10:45.831 设备发送:68 0E 02 00 02 00 64 01 07 00 01 00 00 00 00 14

11:10:46.066 设备发送:68 0E 04 00 02 00 01 81 14 00 01 00 01 00 00 00

11:10:46.380 设备发送:68 4E 06 00 02 00 0D 8D 14 00 01 00 01 40 00 00 00 00 00 00 0B D7 A3 3B 00 0B D7 A3 3B 00 00 00 00 00 00 00 00 00 00 00 00 00 00 00 00 00 00 00 00 00 00 00 00 00 00 00 00 00 00 00 00 00 00 00 00 00 00 00 00 00 00 00 00 00 00 00 00 00 00 00

11:10:46.602 设备发送:68 0E 08 00 02 00 64 01 0A 00 01 00 00 00 00 14

11:10:50.033 设备发送:68 04 43 00 00 00

11:10:55.773 设备发送:68 04 0B 00 00 00

11:10:55.820 设备接收:68 04 07 00 00 00

11:10:55.946 设备发送:68 0E 00 00 00 00 46 01 04 00 01 00 00 00 00 00

11:10:56.686 设备发送:68 04 0B 00 00 00

11:10:56.829 设备发送:68 0E 00 00 00 00 46 01 04 00 01 00 00 00 00 00

11:11:00.900 设备发送:68 04 43 00 00 00

11:11:10.06200

