
16:28:55.298 设备发送:01 03 00 90 00 01 84 27

16:28:55.406 设备接收:01 03 02 00 0A 38 43

16:28:56.077 设备发送:01 03 00 80 00 0C 44 27

16:28:56.301 设备接收:01 03 18 00 00 00 00 00 00 00 00 00 00 00 00 00 00 00 00 00 00 00 00 00 00 00 00 6C F4

16:28:56.966 设备发送:01 03 00 90 00 01 84 27

16:28:56.966 设备接收:01 03 02 00 0A 38 43

16:28:57.735 设备发送:01 03 00 80 00 0C 44 27

16:28:57.844 设备接收:01 03 18 00 00 00 00 00 00 00 00 00 00 00 00 00 00 00 00 00 00 00 00 00 00 00 00 6C F4

16:28:58.624 设备发送:01 03 00 90 00 01 84 27

16:28:58.625 设备接收:01 03 02 00 0A 38 43

16:28:59.344 设备发送:01 03 00 80 00 0C 44 27

16:28:59.462 设备接收:01 03 18 00 00 00 00 00 00 00 00 00 00 00 00 00 00 00 00 00 00 00 00 00 00 00 00 6C F4

16:29:00.211 设备发送:01 03 00 90 00 01 84 27

16:29:00.212 设备接收:01 03 02 00 0A 38 43

16:29:00.905 设备发送:01 03 00 80 00 0C 44 27

16:29:01.170 设备接收:01 03 18 00 00 00 00 00 00 00 00 00 00 00 00 00 00 00 00 00 00 00 00 00 00 00 00 6C F4

16:29:01.669 设备发送:01 03 00 90 00 01 84 27

16:29:01.771 设备接收:01 03 02 00 0A 38 43

16:29:02.551 设备发送:01 03 00 80 00 0C 44 27

16:29:02.693 设备接收:01 03 18 00 00 00 00 00 00 00 00 00 00 00 00 00 00 00 00 00 00 00 00 00 00 00 00 6C F4

16:29:03.251 设备发送:01 03 00 90 00 01 84 27

16:29:03.364 设备接收:01 03 02 00 0A 38 43

16:29:04.188 设备发送:01 03 00 80 00 0C 44 27

16:29:04.306 设备接收:01 03 18 00 00 00 00 00 00 00 00 00 00 00 00 00 00 00 00 00 00 00 00 00 00 00 00 6C F4

16:29:04.942 设备发送:01 03 00 90 00 01 84 27

16:29:04.943 设备接收:01 03 02 00 0A 38 43

16:29:05.702 设备发送:01 03 00 80 00 0C 44 27

16:29:05.936 设备接收:01 03 18 00 00 00 00 00 00 00 00 00 00 00 00 00 00 00 00 00 00 00 00 00 00 00 00 6C F4

16:29:06.482 设备发送:01 03 00 90 00 01 84 27

16:29:06.592 设备接收:01 03 02 00 0A 38 43

16:29:07.248 设备发送:01 03 00 80 00 0C 44 27

16:29:07.468 设备接收:01 03 18 00 00 00 00 00 00 00 00 00 00 00 00 00 00 00 00 00 00 00 00 00 00 00 00 6C F4

16:29:08.168 设备发送:01 03 00 90 00 01 84 27

16:29:08.308 设备接收:01 03 02 00 0A 38 43

16:29:08.949 设备发送:01 03 00 80 00 0C 44 27

16:29:09.056 设备接收:01 03 18 00 00 00 00 00 00 00 00 00 00 00 00 00 00 00 00 00 00 00 00 00 00 00 00 6C F4

16:29:09.799 设备发送:01 03 00 90 00 01 84 27

16:29:09.800 设备接收:01 03 02 00 0A 38 43

16:29:10.575 设备发送:01 03 00 80 00 0C 44 27

16:29:10.736 设备接收:01 03 18 00 00 00 00 00 00 00 00 00 00 00 00 00 00 00 00 00 00 00 00 00 00 00 00 6C F4

16:29:11.307 设备发送:01 03 00 90 00 01 84 27

16:29:11.429 设备接收:01 03 02 00 0A 38 43

16:29:12.146 设备发送:01 03 00 80 00 0C 44 27

16:29:12.328 设备接收:01 03 18 00 00 00 00 00 00 00 00 00 00 00 00 00 00 00 00 00 00 00 00 00 00 00 00 6C F4

16:29:12.878 设备发送:01 03 00 90 00 01 84 27

16:29:12.988 设备接收:01 03 02 00 0A 38 43

16:29:13.818 设备发送:01 03 00 80 00 0C 44 27

16:29:13.819 设备接收:01 03 18 00 00 00 00 00 00 00 00 00 00 00 00 00 00 00 00 00 00 00 00 00 00 00 00 6C F4

16:29:14.506 设备发送:01 03 00 90 00 01 84 27

16:29:14.618 设备接收:01 03 02 00 0A 38 43

16:29:15.370 设备发送:01 03 00 80 00 0C 44 27

16:29:15.470 设备接收:01 03 18 00 00 00 00 00 00 00 00 00 00 00 00 00 00 00 00 00 00 00 00 00 00 00 00 6C F4

16:29:16.194 设备发送:01 03 00 90 00 01 84 27

16:29:16.195 设备接收:01 03 02 00 0A 38 43

16:29:16.959 设备发送:01 03 00 80 00 0C 44 27

16:29:17.059 设备接收:01 03 18 00 00 00 00 00 00 00 00 00 00 00 00 00 00 00 00 00 00 00 00 00 00 00 00 6C F4

16:29:17.797 设备发送:01 03 00 90 00 01 84 27

16:29:17.799 设备接收:01 03 02 00 0A 38 43

