
19:47:51.420 设备发送:FE FE FE FE 68 71 85 12 00 22 01 68 11 04 33 35 35 33 E0 16

19:47:51.617 设备接收:FE FE FE FE 68 71 85 12 00 22 01 68 91 08 33 34 35 33 8A C7 33 33 1A 16

19:47:52.552 设备发送:FE FE FE FE 68 71 85 12 00 22 01 68 11 04 33 36 35 33 E1 16

19:47:52.638 设备接收:FE FE FE FE 68 71 85 12 00 22 01 68 91 08 33 35 35 33 58 77 37 33 9D 16

19:47:53.788 设备发送:FE FE FE FE 68 71 85 12 00 22 01 68 11 04 33 37 35 33 E2 16

19:47:54.664 设备接收:FE FE FE FE 68 71 85 12 00 22 01 68 91 08 33 37 35 33 4B 45 37 33 60 16

19:47:55.784 设备发送:FE FE FE FE 68 71 85 12 00 22 01 68 11 04 33 34 34 35 E0 16

19:47:56.864 设备发送:FE FE FE FE 68 71 85 12 00 22 01 68 11 04 33 35 34 35 E1 16

19:47:56.969 设备接收:FE FE FE FE 68 71 85 12 00 22 01 68 91 06 33 34 34 35 99 56 51 16

19:47:58.142 设备接收:FE FE FE FE 68 71 85 12 00 22 01 68 91 06 33 35 34 35 97 56 50 16 60 AA FF FF 16 00 05 04 FE FE FE FE 68 71 85 12 00 22 01 68 11 04 33 36 34 35 E2 16

19:47:59.070 设备接收:FE FE FE FE 68 71 85 12 00 22 01 68 91 06 33 36 34 35 98 56 52 16

19:47:59.122 设备发送:FE FE FE FE 68 71 85 12 00 22 01 68 11 04 33 34 35 35 E1 16

19:48:00.282 设备接收:FE FE FE FE 68 71 85 12 00 22 01 68 91 07 33 34 35 35 43 33 33 0D 16 5D AA FF FF 16 00 05 04 FE FE FE FE 68 71 85 12 00 22 01 68 11 04 33 35 35 35 E2 16

19:48:01.483 设备接收:FE FE FE FE 68 71 85 12 00 22 01 68 91 07 33 35 35 35 43 33 33 0E 16 5D AA FF FF 16 00 05 04 FE FE FE FE 68 71 85 12 00 22 01 68 11 04 33 36 35 35 E3 16

19:48:02.424 设备接收:FE FE FE FE 68 71 85 12 00 22 01 68 91 07 33 36 35 35 43 33 33 0F 16

19:48:02.477 设备发送:FE FE FE FE 68 71 85 12 00 22 01 68 11 04 33 33 36 35 E1 16

19:48:03.541 设备发送:FE FE FE FE 68 71 85 12 00 22 01 68 11 04 33 33 34 33 DD 16

19:48:03.641 设备接收:FE FE FE FE 68 71 85 12 00 22 01 68 91 07 33 33 36 35 38 33 33 02 16

19:48:04.662 设备发送:FE FE FE FE 68 71 85 12 00 22 01 68 11 04 33 33 35 33 DE 16

19:48:04.722 设备接收:FE FE FE FE 68 71 85 12 00 22 01 68 91 08 33 33 34 33 BA 33 33 33 B4 16

19:48:05.934 设备发送:FE FE FE FE 68 71 85 12 00 22 01 68 11 04 33 33 35 33 DE 16

19:48:07.012 设备接收:FE FE FE FE 68 71 85 12 00 22 01 68 91 08 33 33 35 33 48 B4 47 33 D8 16 FE FE FE FE 68 71 85 12 00 22 01 68 91 08 33 33 35 33 48 B4 47 33 D8 16

19:48:07.045 设备发送:FE FE FE FE 68 71 85 12 00 22 01 68 11 04 33 34 35 33 DF 16

19:48:08.111 设备发送:FE FE FE FE 68 71 85 12 00 22 01 68 11 04 33 35 35 33 E0 16

19:48:08.162 设备接收:FE FE FE FE 68 71 85 12 00 22 01 68 91 08 33 34 35 33 8A C7 33 33 1A 16

19:48:09.200 设备接收:FE FE FE FE 68 71 85 12 00 22 01 68 91 08 33 35 35 33 58 77 37 33 9D 16

19:48:09.250 设备发送:FE FE FE FE 68 71 85 12 00 22 01 68 11 04 33 36 35 33 E1 16

19:48:10.239 设备接收:FE FE FE FE 68 71 85 12 00 22 01 68 91 08 33 36 35 33 47 63 38 33 7A 16

19:48:10.407 设备发送:FE FE FE FE 68 71 85 12 00 22 01 68 11 04 33 37 35 33 E2 16

19:48:11.299 设备接收:FE FE FE FE 68 71 85 12 00 22 01 68 91 08 33 37 35 33 4B 45 37 33 60 16

19:48:12.433 设备发送:FE FE FE FE 68 71 85 12 00 22 01 68 11 04 33 34 34 35 E0 16

19:48:13.503 设备接收:FE FE FE FE 68 71 85 12 00 22 01 68 91 06 33 34 34 35 99 56 51 16

19:48:13.652 设备发送:FE FE FE FE 68 71 85 12 00 22 01 68 11 04 33 35 34 35 E1 16

19:48:14.584 设备发送:FE FE FE FE 68 71 85 12 00 22 01 68 11 04 33 36 34 35 E2 16

19:48:14.638 设备接收:FE FE FE FE 68 71 85 12 00 22 01 68 91 06 33 35 34 35 99 56 52 16

19:48:15.757 设备接收:FE FE FE FE 68 71 85 12 00 22 01 68 91 06 33 36 34 35 A3 56 5D 16

19:48:16.846 设备发送:FE FE FE FE 68 71 85 12 00 22 01 68 11 04 33 35 35 35 E2 16

19:48:16.885 设备接收:FE FE FE FE 68 71 85 12 00 22 01 68 91 07 33 34 35 35 43 33 33 0D 16

19:48:18.092 设备发送:FE FE FE FE 68 71 85 12 00 22 01 68 11 04 33 36 35 35 E3 16 33 AA FF FF 19 00 05 03 FE FE FE FE 68 71 85 12 00 22 01 68 91 07 33 35 35 35 43 33 33 0E 16

19:48:19.024 设备接收:FE FE FE FE 68 71 85 12 00 22 01 68 91 07 33 36 35 35 43 33 33 0F 16

19:48:19.079 设备发送:FE FE FE FE 68 71 85 12 00 22 01 68 11 04 33 33 36 35 E1 16

19:48:20.149 设备接收:FE FE FE FE 68 71 85 12 00 22 01 68 91 07 33 33 36 35 38 33 33 02 16

19:48:20.245 设备发送:FE FE FE FE 68 71 85 12 00 22 01 68 11 04 33 33 34 33 DD 16

19:48:21.261 设备发送:FE FE FE FE 68 71 85 12 00 22 01 68 11 04 33 33 35 33 DE 16

19:48:21.444 设备接收:FE FE FE FE 68 71 85 12 00 22 01 68 91 08 33 33 34 33 BA 33 33 33 B4 16

19:48:22.426 设备接收:FE FE FE FE 68 71 85 12 00 22 01 68 91 08 33 33 35 33 48 B4 47 33 D8 16

19:48:22.523 设备发送:FE FE FE FE 68 71 85 12 00 22 01 68 11 04 33 34 35 33 DF 16

19:48:23.534 设备发送:FE FE FE FE 68 71 85 12 00 22 01 68 11 04 33 35 35 33 E0 16 47 AA FF FF 1A 00 05 03 FE FE FE FE 68 71 85 12 00 22 01 68 91 08 33 34 35 33 8A C7 33 33 1A 16

19:48:24.665 设备发送:FE FE FE FE 68 71 85 12 00 22 01 68 11 04 33 36 35 33 E1 16 33 AA FF FF 1A 00 05 03 FE FE FE FE 68 71 85 12 00 22 01 68 91 08 33 35 35 33 58 77 37 33 9D 16

19:48:25.800 设备发送:FE FE FE FE 68 71 85 12 00 22 01 68 11 04 33 37 35 33 E2 16

19:48:25.833 设备接收:FE FE FE FE 68 71 85 12 00 22 01 68 91 08 33 36 35 33 47 63 38 33 7A 16

19:48:26.809 设备接收:FE FE FE FE 68 71 85 12 00 22 01 68 91 08 33 37 35 33 4B 45 37 33 60 16

19:48:28.982 设备接收:FE FE FE FE 68 71 85 12 00 22 01 68 91 06 33 34 34 35 A6 56 5E 16

19:48:29.049 设备发送:FE FE FE FE 68 71 85 12 00 22 01 68 11 04 33 35 34 35 E1 16

19:48:30.253 设备发送:FE FE FE FE 68 71 85 12 00 22 01 68 11 04 33 36 34 35 E2 16

19:48:30.305 设备接收:FE FE FE FE 68 71 85 12 00 22 01 68 91 06 33 35 34 35 A5 56 5E 16

19:48:31.172 设备接收:FE FE FE FE 68 71 85 12 00 22 01 68 91 06 33 36 34 35 A6 56 60 16 60 AA FF FF 16 00 05 04 FE FE FE FE 68 71 85 12 00 22 01 68 11 04 33 34 35 35 E1 16

19:48:32.277 设备接收:FE FE FE FE 68 71 85 12 00 22 01 68 91 07 33 34 35 35 43 33 33 0D 16

19:48:32.370 设备发送:FE FE FE FE 68 71 85 12 00 22 01 68 11 04 33 35 35 35 E2 16

19:48:33.562 设备发送:FE FE FE FE 68 71 85 12 00 22 01 68 11 04 33 36 35 35 E3 16

19:48:33.624 设备接收:FE FE FE FE 68 71 85 12 00 22 01 68 91 07 33 35 35 35 43 33 33 0E 16

